The solution of the system of equations is: 
x1 = 8.248207 
x2 = 1.270467 
x3 = 7.849957 
x4 = 2.335372 
x5 = -10.088656 
