The solution of the system of equations is: 
x1 = 1.000000 
x2 = 3.000000 
x3 = 5.000000 
